6601
-14405
-11977
7819
-14800
-26188
-35723
-19189
-46779
-47295
-43258
-37911
-14286
-7771
4256
23253
4449
21978
23430
28159
28761
32513
28645
23151
29901
11965
22248
12912
645
-528
-28851
-33995
-38149
-24266
-17023
-21415
-21551
-14288
3793
6099
-12712
-599
-5384
-1038
-1532
30099
29994
21477
1102
11273
17511
15254
-12042
-9170
-20716
-27419
-18752
-15156
-27903
-28958
-7605
219
4001
3249
2906
-3330
1660
10220
10552
40480
26643
30305
42725
21287
22934
2984
-11830
-3255
-28864
-26778
-29319
-43539
-67309
-62039
-54639
-22764
-13242
-11719
-5991
-17854
5795
28195
25020
19609
14658
44093
37424
12357
-6403
-7714
-20604
-17117
-9560
-6247
-37985
-35745
-26042
-5203
9057
-20946
-8879
-3865
-3758
15761
28286
15486
1849
-12913
-14213
-16239
-42237
-46468
-48842
-73202
-50703
-55571
-51092
-51640
-45293
-21795
-15182
-13132
-764
-1928
-7008
-11684
-2021
864
408
24804
14657
19270
-3135
5158
6090
5587
2960
1062
-10499
-23830
-44593
-62603
-38815
-24999
-29643
4508
16650
273
13933
14527
18877
19892
11989
28722
32367
24860
7140
6603
-10593
-6348
-1734
2810
-9857
-23735
-33655
-29171
-14642
-28176
-289
-403
-1755
294
20413
3963
-7072
8695
-3120
-19970
-27661
-55443
-51988
-34860
-34848
-37831
-39534
-39317
-12070
2655
-2906
7182
9582
13200
25829
24791
20053
13694
-331
-9562
-33977
-37708
-43288
-51534
-61366
-48931
-17593
-18020
-40820
-41721
-24662
-14468
-3048
-3265
16057
20860
10907
17189
15724
15762
5712
-4222
-11812
-12516
-57701
-62315
-33342
-19057
-15678
-38460
1922
-14581
3064
7722
2514
6828
-7591
-2161
-32482
-23516
-43336
-47784
-53721
-47022
-50731
-43295
-48261
-36164
-20120
13149
7807
-3828
-56
-9194
3606
23327
25803
25084
19622
12079
-22666
-30403
-22854
-54745
-66341
-72331
-32477
-16969
-8436
-26944
-17790
-16332
-20855
-2888
6991
-2862
-3359
-12678
-375
-71
11524
21777
21444
10449
-1735
-969
-5182
-28004
-14604
-21193
-43145
-50118
-43568
-39819
-43523
-15052
-28871
3641
5703
5303
6937
-6867
8483
42890
29887
33176
17378
3926
10351
-2217
-22616
-27842
-28463
-42817
-42237
-34499
-25166
-12354
-6577
-6950
-1902
16703
7026
-11499
11684
10294
15961
35724
16711
26712
31798
24473
2771
-2075
-17875
-12005
-28845
-25504
-29460
-33888
-24696
-12177
-1353
-17151
-3442
9993
-3986
10315
8299
14012
28924
24807
14063
5845
-17515
-24237
-31974
-36797
-27169
-9065
-15445
-9461
-1007
3142
4940
12965
9254
-1285
7545
20038
21499
999
9110
-11325
-7573
-3560
-25037
-68827
-51478
-44762
-48858
-27063
254
-17947
8048
24123
27750
12521
9712
25897
21456
11333
15032
8024
-17376
-31313
-50928
-47852
-47785
-40731
-3235
3675
-29261
-28515
-16650
11250
-16842
10128
11350
26778
19121
14167
12058
23386
16560
25751
22753
30836
14012
14274
-17
-2792
-11284
-25281
-37245
-56821
-51341
-20531
-11465
-18907
-10374
-5012
-22156
-6493
2292
7091
11397
18017
18473
25199
19870
7842
9104
4063
-2177
-21788
-22662
-4169
-12468
-16997
-11608
-13968
-2440
10032
13253
25136
26353
31136
42530
16989
5494
-4441
-2593
-7221
-44634
-28249
-30610
-32687
-35180
-35415
-25761
1281
-149
1850
1445
15197
19126
28934
22539
28220
31516
28296
7531
-7791
-31719
-37790
-31623
-32322
-26766
-23075
-35950
-6901
-6762
21054
7711
2730
12382
847
21472
12354
637
-15665
-24020
-38331
-43458
-41472
-29374
-21199
-26255
-25122
-11179
-19735
638
7809
18105
19115
6035
-4385
-5910
-12826
4272
6366
22041
-20039
-11976
-6459
-12122
-38484
-54029
-41403
-43458
-45501
-50011
-46128
-49370
-21330
-3930
-20835
-4999
-1414
14561
24343
16868
27208
36223
-3095
-5083
-11024
-14499
-34750
-49712
-55648
-51833
-27218
-16101
-1998
2144
5763
12014
-6750
-2996
13543
5204
16924
21156
10256
7013
3526
-3943
-8414
-11509
-9496
-12453
4729
3033
1973
-16141
-26475
-4033
-24796
-6609
-39545
-41442
-14209
11793
11883
14888
48058
45742
53903
38674
31237
27920
34373
16741
11840
-142
-18339
-39868
-34767
-47068
-42039
-24312
-13052
-29538
-6179
19759
34139
23176
11266
10609
-3787
4531
-2059
2416
-2315
-17939
-17620
-19716
-2089
7144
11782
-6285
-1380
4928
13753
32564
23817
11394
2928
2076
5844
-5940
2412
-21395
-37097
-49127
-44390
-45861
-34298
-25821
-23818
-27295
-15943
-12658
-3133
11663
10356
14274
12827
12060
9906
9452
16888
-4493
-21314
-26885
-30171
-50660
-21086
23990
15053
-7714
-26310
-10583
-3648
17152
21258
253
-3184
12450
-367
10465
-29699
-36271
-41134
-21772
-13584
19966
9175
-20732
-41323
-8265
-4610
25715
11498
9288
-2618
-9479
16958
41798
30374
-12690
-58090
-58697
-59918
-45961
-6768
24719
12370
-14072
-15041
-24785
2692
35984
19601
-16796
-13972
15079
12508
13037
16329
29099
21245
20550
36636
16411
8758
11754
-3945
-29145
-5476
-5559
-19701
-35522
-26650
-14824
1328
10416
9318
-17037
-12763
16782
27870
22551
8139
-8974
7695
-2112
-7410
-11842
-17767
-19118
-13903
-17740
-36747
-27081
-35184
-31584
-21370
-3812
3536
-11189
-3878
14102
7172
4518
1650
4687
-3111
11811
19397
-16244
-11902
-11232
-189
1138
-4395
-13153
-5528
5632
586
-8191
-23109
-14843
-13965
-5513
-25387
-23876
-14281
-10268
6069
7461
-761
13687
2369
7327
27510
23442
24549
-7404
6538
8891
9452
1821
8868
22499
-240
-12993
6676
-2761
-11803
-18269
-29185
-10311
-26629
-18439
-21611
-8081
347
-11292
-1371
1164
10191
15093
16710
10872
16727
-19696
-24854
-11930
-16852
-3621
-2272
-6318
-14766
-19048
-22581
-4198
8649
47
8880
16880
966
1560
9528
14368
6848
-10889
-6563
-12748
-6274
-12822
-27556
-37414
-36749
-2942
-11491
-11451
-24900
-43642
-49543
-21709
-20102
-16321
-36168
-22003
-16130
-20848
-32800
-13660
-7508
-14484
-6908
-9903
-8084
-3554
-4196
-27355
-26073
-20721
-22091
-16484
13309
-12549
-15515
-7630
-9127
-41286
-21778
-13641
-18624
-1369
-6102
-4018
6790
14258
8090
11104
18388
17927
5901
-16019
-13386
-18081
-36351
-26805
-12903
-36614
-28734
-33995
-24092
-8044
-2066
-26981
-18852
-15653
-21059
-3348
-4643
4519
8611
20943
11278
-1218
-967
-4469
-4082
-22581
-17213
-6117
-14466
-36255
-27089
-37870
-38538
-42308
-59246
-75922
-49448
-37090
-54685
-51404
-45726
-59094
-37446
-47223
-33568
-41962
-24672
-8081
2674
-4299
-9627
-3339
-8147
-6964
-15269
4697
27057
37955
18913
7179
17430
1480
9077
8157
-8845
-34601
-25903
-25709
-1981
-384
11798
11261
298
11989
16419
21501
26693
39859
36576
27062
2170
-2744
12753
-353
4378
7162
7787
13088
6712
7771
-2372
32382
17129
21992
-1013
-7745
16521
16980
-3667
-24335
-43003
-32118
-47439
-41962
-25985
-26611
6883
13523
11881
9981
13427
-4054
14870
5765
15811
25991
19527
28967
23205
23616
14392
-7335
-29928
-6341
-41538
-23586
-10606
-14682
-63660
-48675
-51253
-23997
-20755
-21627
-31653
-25754
-26912
-34633
-41981
-28266
-9341
5399
-8247
20178
-490
-5982
11374
8256
15458
-3106
3183
6740
4382
11264
5641
5980
11169
12243
5179
16707
13340
25654
22741
30658
38178
35261
21163
16479
16463
17284
14767
-2132
-20213
-11832
12111
-7807
-19971
-1892
24180
-20789
3073
60
8159
-26845
-11466
-15013
-9259
-23869
-7680
-14082
-7739
-19516
-12935
-9556
-12501
-10278
-22379
-16160
-7743
270
3055
9852
7870
7328
-1043
954
-1166
-10717
-8348
-18592
-1079
-4565
-8724
1434
7418
-1880
-13291
-10784
-20405
-7900
-17176
-6577
11119
8106
-363
-12058
-12291
-14617
-17430
-21730
-36518
-42943
-22090
-27097
-32447
-34095
-42533
-42889
-33417
-8100
-464
-5172
15353
5101
-11816
-6744
6079
-18436
-11762
-16884
-10560
-13011
-26577
-29493
-26107
-26297
-13956
-15845
-8531
-899
22947
9554
3331
21559
146
-16795
-23182
-6383
-21763
-16911
-10547
-15174
-20449
-26390
-15439
-24975
-4336
434
-6633
3289
-17277
16977
14490
-2410
7442
-25258
14555
22319
6802
12840
-25445
-6413
-18599
-1789
-5093
-893
4941
-11604
-17627
-21428
-9401
-41292
-56923
-72735
-60891
-50659
-38931
-33757
-45509
-19115
-36740
-14356
-9588
3494
16816
2491
10907
25168
32711
27731
10417
-3648
-6454
-14629
-6201
18659
533
-1478
-889
-2074
6149
9244
16615
20758
17699
5457
-1374
16232
8626
2328
8647
3793
-5410
-34285
-32432
-21313
-16606
-24610
-7559
-15623
11456
22588
23607
8430
14354
38134
-4504
11475
23940
11419
26430
32131
15700
3409
-3412
-18916
-17091
-24253
-21426
-28255
-41294
-33232
-54019
-50075
-47014
-34958
-26451
-25048
-7306
-32385
-21860
-16804
-33906
-12496
5059
1682
7513
-5186
12801
16723
831
-6029
-17001
-10005
-12468
-11130
-10201
-1810
-14571
-9259
-21626
-25720
-19131
-18510
-22499
-5820
-2542
13330
22834
16522
15417
2193
60491
27135
11953
5133
5732
8311
1267
-22810
-45409
-41051
-31503
-15376
-14280
-19364
-40027
-43896
-6668
-10522
-20276
19503
-6070
22982
-2182
3914
-14263
-48354
-16528
-18200
-44189
-50056
-41308
-42372
-52460
-49858
-45746
-29993
-30078
-35240
-27281
-26626
-27940
7643
-8070
-15692
-33657
-23224
-30814
-46142
-37835
-51710
-91565
-64868
-100095
-59300
-52759
-24456
-33969
-34493
-34721
-32196
-8008
1475
14053
5901
9855
18182
21651
38369
34583
23267
19860
23925
23526
29715
18791
77
-14763
-30665
-47459
-47138
-36224
-15973
-25222
-23389
-14370
-32734
-16654
-10220
3117
22521
33586
4387
7941
8472
4638
11496
-8309
7838
-14067
-16409
-24334
-23228
-7306
1429
-16220
-11346
-12694
-18450
-27702
-17904
-1766
5302
-7646
-13024
-31387
-49586
-40407
-41959
-57564
-58971
-66215
-52778
-24047
-35216
-36361
-31868
-31237
-19086
-28836
-6103
2261
1380
6280
17590
10527
-3116
-21377
-26576
-48270
-27048
-14757
-2790
-8229
14726
-3162
-15721
-19916
-27464
-23953
-22541
-4448
-11256
11579
22363
-13141
-274
8584
-2673
-6104
-19511
-11279
-27464
-11628
1451
7494
12771
28341
18010
20256
21254
-6111
-29008
-13732
3370
15277
11630
6369
10346
-15630
-24041
-33807
-19532
-15174
-11092
-14830
-20215
-23799
-25961
-16399
-15826
-16460
-21597
-15957
-2114
-14349
-21699
-13289
6173
4567
17276
2902
23650
4731
4618
7552
930
-9060
-14071
-10068
-5779
-3638
-16026
-6953
-18235
-269
3902
2651
18013
-6179
-22046
-2642
3653
7977
-8931
-13449
-24798
1824
12432
1522
-4366
-30894
-30343
-16963
-19751
-32616
-33078
-36727
-33473
-38194
-33179
-38610
-31648
-33831
-40134
-51919
-53070
-39170
-30020
-26113
-44186
-39126
-18168
-46685
-53720
-48563
-36568
-32488
-22556
-22541
-14047
-18702
-14697
-17848
1972
7210
6386
-19213
-1727
31275
32672
12924
-3644
452
13062
-3286
-6857
-12337
-29832
-20099
-27226
-31905
-21166
-26590
-20711
-6340
-18690
-6976
-2773
7264
9462
12794
19256
25132
-1180
-2119
-11215
-17571
-17074
-29421
-26542
-41001
-37270
-23608
-36654
-39837
-33201
-43916
-55592
-29040
-25125
-23779
-38156
-44726
-35907
-29040
-15530
-12862
-8302
-9591
-15329
-10685
4709
-53
12155
14204
10316
27423
19510
19370
20205
27917
23751
2838
4979
3806
7403
-7152
-3929
-7095
4530
-5311
4328
5158
-12369
-11071
14034
6115
18385
14803
-26946
-15175
4815
8364
14796
20077
8040
12756
24271
21631
4045
21127
28128
37613
31381
40028
34828
30250
37757
22911
6590
-7290
-9616
-17744
-27841
-26814
-53622
-56690
-48350
-28490
-14100
-9825
-10277
-17821
3668
5606
-6576
-4261
7145
20936
14025
11485
23112
26070
13920
6248
-1408
-5087
-7216
-5475
6604
21816
44143
38752
14421
3555
13811
34842
35165
15262
36293
30489
23988
-2700
-16521
-15544
-12384
-7494
-119
-11228
-9248
-15877
-10547
-15753
-23681
-7507
7477
15312
7808
-8131
-9294
-16811
-15180
2921
8736
22679
25108
25799
15180
20796
9914
6961
18111
14016
-10015
-21446
11686
2851
-1255
5442
-8499
-1005
-336
-4735
-5010
6992
23235
7754
276
-14326
5364
15650
16985
16095
2876
23051
10503
9426
-8542
17068
493
-10074
-27346
-20643
-19187
-20871
-19400
-38009
-47260
-26937
-16956
-15741
-9783
-13401
1393
-11723
-16023
2578
16777
7518
2510
-4572
-12807
-9602
-21870
-29409
-28414
-17141
3251
17910
25250
32270
32155
16900
12906
6601
4536
9264
3926
-9034
-3953
-742
-5061
-16670
-17949
-19286
-4758
-6902
-13711
-6165
-8717
-33236
-20716
-26962
-29488
-28025
-32607
-28425
-31920
-21884
-50444
-5072
-11389
434
8680
10779
8481
-2617
-10469
-10847
-5536
2460
8762
11627
5547
3122
7597
251
-8011
-28146
-10897
-14647
-21216
-33576
-37114
-71191
-84865
-55019
-46287
-34586
-41087
-32606
-18610
-7638
-10797
-6277
-7489
-828
-1358
31657
37991
24886
25332
8294
-15094
-13006
-33766
-27617
2160
-4246
-30176
-36093
-26685
-12339
-17644
9365
19653
18821
8770
14664
1250
23179
20861
17219
16590
-1534
-24007
-31619
-42729
-38069
-36230
-20610
-12937
-32085
-26983
-373
-11145
7893
29440
44849
51645
42192
29548
5902
17291
6606
-10563
-14568
-22326
-31625
-40055
-18470
-22681
-30271
-25551
-36055
-23118
-14079
-14290
6064
2300
-18003
16479
19332
12288
29554
-2786
-5194
-11819
-24784
-34303
-35732
-12808
-22815
-39146
-50889
-36891
-25342
-26439
-12716
3022
-9390
5028
-20153
11768
20680
25840
15484
-13879
-36963
-19134
-20517
-22979
7250
208
-22811
-24335
1020
4009
-16147
1940
-216
-2017
33151
32853
28388
21992
7289
1323
5379
-32897
-36376
-42519
-31174
-20025
-2180
-25280
-5364
7964
10412
12879
8823
4980
9486
15633
20066
17579
8811
11160
-9146
-17755
-14791
-11874
-34636
-28758
-6873
-7895
-22572
-10336
-24199
-31309
-8943
-5868
-7187
4927
2644
-2433
9091
68
8829
-7240
-9081
-10171
-37659
-55870
-49931
-24805
-44939
-30234
-2960
-4788
-6365
-14738
-12832
-17252
0
